 5 26 | LOMH | 11 15 21 9 11 | 26 7 | 6 25 21 20 9 10 20 6 9 | 2 13 22 7 9 21 20 | 11 15 12 9 
 22 21 9 11 19 22 5 20 15 | 6 13 11 3 13 20 6 25 26 | 13 26 10 | 11 25 26 8 9 22 9 26 11 9 | 5 
 26 | 13 8 22 5 11 13
 
 20 6 5 21 | 15 9 13 22 | 17 9 | 17 5 2 2 | 12 9 | 6 25 21 20 5 26 7 | 20 6 9 | 1 20 6 | 9 10 5 
 20 5 25 26 | 20 6 9 1 9 : | 9 1 9 22 7 5 26 7 | 11 15 12 9 22 20 6 22 9 13 20 21: | 2 13 26 
 10 21 11 13 24 9 | 13 26 10 | 10 9 8 9 26 21 9 | 19 26 5 18 9 22 21 5 20 
 15, | 13 12 19 4 13 

 9 16 24 9 22 5 9 26 11 9 | 20 6 9 | 12 5 7 7 9 21 20 | 20 9 11 6 | 9 18 9 26 20 | 25 8 | 
 20 6 9 | 15 9 13 22! | 22 9 7 5 21 20 9 22 | 26 25 17 | 13 20 | 17 17 17. 11 15 21 9 11. 26 7
